337
65
977
706
323
612
789
812
338
980
299
76413
350
76
640
805
51
21
687
145
550
274
407
770
638
252
722
86
781
692
423
845
20
480
520
983
268
331
320
247
981
747
11
683
822
3
487
872
23
173
369
572
798
775
694
787
26
767
873
158
458
647
354
477
126
873
811
745
555
130
991
536
877
354
218
50
356
704
922
730
228
290654
26
416
699
164
793
465
36
950
274
34
655
102
511
880
912
255
786
393
598
321
621
951
890
671
658
945
944
387
525
585
392
902
1000
90
65
792
554
453
93
179
486
99
280
997
978
191
603
764
584
200
436
204
502
326
226
511
622
169
250
146
105
641
47
104
731
464
247
636
916
339
815
401
438
446
749
767
637
704
530
572
255
318
127
757
643
353
619
616
873
868
762
978
509
160
433
591
623
680
578
538
18
744
291
807
190
391
574
178
94
455
749
349
772
875
457
766
579
75
382
452
943
495
429
803
654
861
745
629
892
674
518
262
418
808
68
959
551
993
136
644
800
236
992
923
110
800689
689
875
422
492
169
916
920
323
921
132
419
901
376
92
419
637
509
578
704
467
128
49
954
124
848
189
467
770
651
267
810
339
493
231
830
13
498
101
687
771
584
105
23
959
196
441
947
57
371
651
875
850
51
829
973
250
17
792
19
667
410
181
357
902
763
538
266
613
990
952
383
926
408
405
236
603
198
183
11
920
185
886
121
235
714
446
484
82
237
854
101
646
386
457
899
149
347
164
761
336
467
495
613
226
251
849
828
448
31
191
719
215
76
840
801
141
285
636
222
873
841
322
518
227
131
768
727
829
283
487
516
749
981
129
326
231
329
505
31
359
695
101
925
770
940
77
910
576
712
484
448
904
157
965
130
287
732
856
467
366
694
983
114
674
111
791
257
439
296
639
149
990
739
425
760
679
501
21
606
564
504
54
467
661
370
597
299
454
804
766
819
498
100
285
523
562
75
779
352
370
769
500
360
508
276
471
538
776
843
143
339
699
196
157
711
566
105
361
19
909
126
189
758
577
473
280
138
548
411
489
917
179
340
628
686
615
450
575
742
293
718
432
991
265
589
701
830
693
61
200
953
539
389
710
467
213
990
605
760
752
445
29
930
785
8
968
399
458
542
493
102
611
924
444
876
512
496
57
557
908
609
509
798
349
219
265
561
560
221
673
311
665
53
240
449
60
559
200
869
101
692
970
63
967
413
938
479
260
347
35
168
955
543
965
655
113
229
567
672
449
239
982
114
291
222
914
703
780
465
571
232
508
893
295
475
657
584
305
917
282
339
436
588
233
400
242
346
629
809
17
429
399
351
894
690
572
160
744
703
976
666
287
484
910
933
310
567
516
614
835
150
304
270
737
888
669
979
585
649
139
954
430
537
304
675
578
227
834
321
281
810
339
567
645
248
499
306
814
367
919
1000
516
574
269
604
813
290
582
398
290
720
351
719
609
6
394
186
232
579
507
512
740
845
431
384
92
281
689
258
647
959
609
514
884
878
118
697
519
51
446
808
123
148
879
731
153
624
916
736
554
774
599
294
970
29
29
62
310
718
671
308
28
279
174
264
508
291
312
26
693
757
186
815
904
416
897
408
391
813
143
944
586
93
237
556
122
266
969
783
335
991
90
714
621
263
329
129
905
640
506
950
396
43
116
651
810
13
58
200
177
552
144
762
645
732
669
118
349
989
900
35
331
341
101
952
956
429
432
212
69
937
161
464
332
277
467
141
641
876
341
817
780
836
930
776
919
951
893
268
939
792
302
622
484
402
925
439
831
356
651
251
644
163
66
975
791
532
468
431
760
808
247
539
995
177
314
913
127
206
180
417
349
834
38
832
587
314
623
769
669
625
19
313
787
85
639
578
968
106
8
727
265
607
265
259
783
930
172
261
135
703
677
835
536
67
19
475
380
641
243
401
617
262
713
403
698
703
980
665
809
340
392
73
946
656
332
728
938
855
340
72
557
368
259
445
786
277
919
166
269
161
918
885
774
630
639
471
684
619
136
492
310
527
917
255
534
600
334
471
454
673
895
10
40
153
806
826
781
724
343
401
885
260
637
658
241
275
129
924
245
616
768
554
142
684
808
27
283
493
498
88
517
744
449
557
248
255
734
28
978
428
780
214
39
416
872
631
42
352
906
287
967
25
840
460
708
1000
486
342
492
335
429
9
78
878
917
325
132
2
704
461
781
483
675
171
250
546
801
292
249
58
578
567
83
769
26
142
768
863
484
612
198
264
972
627
493
240
952
624
593
655
437
373
490
111
895
739
8
695
30
256
752
607
174
186
376
199
328
495
413
811
458
610
426
429
237
919
20
540
894
612
194
330
336
35
440
230
774
447
276
803
54
380
762
227
565
489
777
892
335
190
54
793
151
832
573
739
750
945
278
643
556
824
973
244
858
412
825
631
211
101
786
264
832
547
843
748
387
619
992
721
160
397
865
663
228
438
401
977
382
679
620
289
502
592
884
359
355
709
342
565
161
127
181
344
25
375
91
763
345
82
835
505
479
700
167
58
489
567
35
222
597
654
862
98
597
746
809
303
806
150
220
318
628
752
661
4
126
103
118
470
185
952
326
15
651
492
72
491
411
458
712
7
463
574
457
59
671
265
714
476
766
285
793
745
36
805
100
161
907
217
630
443
168
956
809
171
799
881
661
561
338
373
568
153
298
24
211
968
640
276
795
757
560
939
501
595
743
600
107
1
168
89
444
335
396
604
505
194
484
518
755
174
242
674
326
539
49
888
858
40
516
652
796
75
942
296
22
36
247
128
36
414
216
831
100
611
435
957
157
270
474
263
795
715
288
472
605
336
712
462
375
227
465
522
301
406
817
674
441
415
802
476
180
369
659
631
332
93
587
488
714
412
102
509
478
389
980
82
76
691
895
802
269
359
323
922
764
491
595
204
257
748
32
436
117
690
66
448
782
5
287
495
768
388
355
598
128
687
679
203
729
926
356
998
284
678
919
400
520
865
603
776
613
634
563
729
323
980
528
456
336
814
303
104
553
657
701
680
343
731
882
72
8
589
421
292
618
691
691
137
555
645
264
519
631
178
599
305
509
126
761
845
291
415
300
843
423
352
522
766
82
755
189
90
343
961
733
960
651
775
448
205
419
63
724
49
240
322
354
749
800
466
593
90
880
244
933
654
595
454
771
28
561
959
469
903
271
201
215
921
327
14
126
746
77
201
146
316
874
851
416
25
668
360
115
899
603
399
553
197
852
323
225
764
634
693
667
904
246
233
825
572
246
302
669
322
854
167
990
727
17
405
104
37
765
218
935
367
616
487
916
819
810
140
583
795
184
601
698
429
185
522
353
430
175
21
104
28
539
93
107
556
849
210
944
965
779
878
332
394
717
599
564
526
738
498
672
273
450
369
54
634
243
406
416
417
778
519
797
317
963
255
224
163
464
167
128
242
44
459
987
760
409
902
637
146
400
660
770
849
29
823
835
623
580
250
39
358
120
187
26
82
441
601
596
256
767
723
849
162
533
835
274
941
89
262
438
488
922
208
688
302
382
522
924
962
123
314
671
242
501
696
675
293
296
271
549
414
993
397
575
878
584
200
818
672
814
256
159
735
815
198
36
196
72
311
157
194
624
179
436
476
226
110
769
521
380
317
286
725
713
213
602
296
412
771
319
225
26
477
311
192
27
698
388
98
8
896291
984
75
726
811
300
188
579
173
919
247
458
643
960
22
596
607
434
719
926
10
96
754
673
288
780
370
27
229
730
922
520
65
348
597
875
1000
784
454
524
703
700
333
697
11
355
645
970
140
363
895
501
458
1000
173
97
132
895
123
360
624
397
231
40
744
180
914
95
963
719
618
17
771
951
66
133
657
62
102
796
776
348
296
585
348
469
682
831
363804
542
338
200
773
377
296
952
642
742
266
713
360
635
483
662
700
615
318
113
69
465
888
416
760
472
115
580
505
945
294
661
487
983
212
611
711
507
914
705
601
179
417
960
813
899
973
864
865
642
976
933
106
215
349
217
39
463
149
543
760
794
555
598
777
767
208
839
625
121
543
225
299
959
536
464
209
508
679
74
149
655
6
606
221
354
175
259
169
323
154
280
116
